-1.000000 -0.142857 -0.600000 -2.000000 0.142857 
3.000000 -1.000000 -1.000000 -2.000000 -0.142857 
2.000000 0.000000 0.500000 -0.571429 -2.000000 
-0.153846 0.181818 1.000000 1.000000 -0.428571 
2.500000 0.400000 -0.272727 0.200000 5.000000 

-0.034483 0.022222 0.933333 -0.118110 6.481481 
0.555556 0.352645 0.186047 0.291777 0.031753 
0.097674 0.171990 -0.209239 0.695574 -0.098039 
0.238095 -0.362694 0.000000 0.030438 0.122879 
-0.538462 -21.000000 0.986207 -0.030274 5.841503 

31.552411 0.004378 -0.083621 0.019083 47.475446 
-0.014905 0.036921 1.955977 0.004165 -0.004337 
1.270566 0.086930 -0.153202 -0.000000 -0.046165 
0.011150 0.204657 0.200435 0.017908 -64.986046 
-0.037061 0.910674 0.102214 -0.011007 0.025490 

